no_bins: 2
corners_bin_a: [1.02224, 0.433821, 0.495668, 1.02182, -0.000264221, 0.497472, 0.472375, 0.441578, 0.495858, 0.466617, 0.00610039, 0.498488]
corners_bin_b: [1.02182, -0.00026, 0.497472, 1.01602, -0.436363, 0.501906, 0.466617, 0.00610039, 0.498488, 0.462082, -0.432488, 0.495133]
		
jtangle_corners_bin_b: [-0.295823, -2.08842, 1.41647, -0.92614, -1.55963, -3.44531]

jtangle_bin_b_0: [-0.0109823, -1.56805, 1.37091, -1.11577, -1.58023, 0.0018583]
jtangle_bin_b_1: [-0.570878, -1.5398, 1.35223, -1.16178, -1.71734, -0.532907]

