bin_corners0: [1.02358, 0.433709, 0.511355, 1.01826, -0.006358, 0.512277, 0.462871, 0.436726, 0.506423, 0.457855, -0.00134752, 0.504218]

bin_corners1: [1.01826, -0.006358, 0.512277, 1.01352, -0.452485, 0.517902, 0.457855, -0.00134752, 0.504218, 0.452972, -0.445594, 0.505909]

name : "manish"
