Current: [0.0021914  -1.2511 -0.0126346 3.12608 -0.0114653 0.0726664 -0.128842]
Desired: [0.00383495 -1.25   -0.0133643 3.15131  0          0.15      0 ]

home position 0.002227924477643431, -1.9724006420940894, 0.02973909410072368, 3.127872047653705, 0.2341297480891435, -0.14699331364326843, -0.6996925094106643
